 9.87688341e-01 0.00000000e+00 1.56434465e-01
 9.51056516e-01 0.00000000e+00 3.09016994e-01
 8.91006524e-01 0.00000000e+00 4.53990500e-01
 8.09016994e-01 0.00000000e+00 5.87785252e-01
 7.07106781e-01 0.00000000e+00 7.07106781e-01
 5.87785252e-01 0.00000000e+00 8.09016994e-01
 4.53990500e-01 0.00000000e+00 8.91006524e-01
 3.09016994e-01 0.00000000e+00 9.51056516e-01
 1.56434465e-01 0.00000000e+00 9.87688341e-01
 6.12323400e-17 0.00000000e+00 1.00000000e+00
 9.39347432e-01 3.05212482e-01 1.56434465e-01
 9.04508497e-01 2.93892626e-01 3.09016994e-01
 8.47397561e-01 2.75336158e-01 4.53990500e-01
 7.69420884e-01 2.50000000e-01 5.87785252e-01
 6.72498512e-01 2.18508012e-01 7.07106781e-01
 5.59016994e-01 1.81635632e-01 8.09016994e-01
 4.31770623e-01 1.40290780e-01 8.91006524e-01
 2.93892626e-01 9.54915028e-02 9.51056516e-01
 1.48778017e-01 4.83409082e-02 9.87688341e-01
 5.82354159e-17 1.89218337e-17 1.00000000e+00
 7.99056653e-01 5.80548640e-01 1.56434465e-01
 7.69420884e-01 5.59016994e-01 3.09016994e-01
 7.20839420e-01 5.23720495e-01 4.53990500e-01
 6.54508497e-01 4.75528258e-01 5.87785252e-01
 5.72061403e-01 4.15626938e-01 7.07106781e-01
 4.75528258e-01 3.45491503e-01 8.09016994e-01
 3.67286030e-01 2.66848920e-01 8.91006524e-01
 2.50000000e-01 1.81635632e-01 9.51056516e-01
 1.26558141e-01 9.19498715e-02 9.87688341e-01
 4.95380036e-17 3.59914664e-17 1.00000000e+00
 5.80548640e-01 7.99056653e-01 1.56434465e-01
 5.59016994e-01 7.69420884e-01 3.09016994e-01
 5.23720495e-01 7.20839420e-01 4.53990500e-01
 4.75528258e-01 6.54508497e-01 5.87785252e-01
 4.15626938e-01 5.72061403e-01 7.07106781e-01
 3.45491503e-01 4.75528258e-01 8.09016994e-01
 2.66848920e-01 3.67286030e-01 8.91006524e-01
 1.81635632e-01 2.50000000e-01 9.51056516e-01
 9.19498715e-02 1.26558141e-01 9.87688341e-01
 3.59914664e-17 4.95380036e-17 1.00000000e+00
 3.05212482e-01 9.39347432e-01 1.56434465e-01
 2.93892626e-01 9.04508497e-01 3.09016994e-01
 2.75336158e-01 8.47397561e-01 4.53990500e-01
 2.50000000e-01 7.69420884e-01 5.87785252e-01
 2.18508012e-01 6.72498512e-01 7.07106781e-01
 1.81635632e-01 5.59016994e-01 8.09016994e-01
 1.40290780e-01 4.31770623e-01 8.91006524e-01
 9.54915028e-02 2.93892626e-01 9.51056516e-01
 4.83409082e-02 1.48778017e-01 9.87688341e-01
 1.89218337e-17 5.82354159e-17 1.00000000e+00
 6.04784682e-17 9.87688341e-01 1.56434465e-01
 5.82354159e-17 9.51056516e-01 3.09016994e-01
 5.45584144e-17 8.91006524e-01 4.53990500e-01
 4.95380036e-17 8.09016994e-01 5.87785252e-01
 4.32978028e-17 7.07106781e-01 7.07106781e-01
 3.59914664e-17 5.87785252e-01 8.09016994e-01
 2.77989006e-17 4.53990500e-01 8.91006524e-01
 1.89218337e-17 3.09016994e-01 9.51056516e-01
 9.57884834e-18 1.56434465e-01 9.87688341e-01
 3.74939946e-33 6.12323400e-17 1.00000000e+00
 -3.05212482e-01 9.39347432e-01 1.56434465e-01
 -2.93892626e-01 9.04508497e-01 3.09016994e-01
 -2.75336158e-01 8.47397561e-01 4.53990500e-01
 -2.50000000e-01 7.69420884e-01 5.87785252e-01
 -2.18508012e-01 6.72498512e-01 7.07106781e-01
 -1.81635632e-01 5.59016994e-01 8.09016994e-01
 -1.40290780e-01 4.31770623e-01 8.91006524e-01
 -9.54915028e-02 2.93892626e-01 9.51056516e-01
 -4.83409082e-02 1.48778017e-01 9.87688341e-01
 -1.89218337e-17 5.82354159e-17 1.00000000e+00
 -5.80548640e-01 7.99056653e-01 1.56434465e-01
 -5.59016994e-01 7.69420884e-01 3.09016994e-01
 -5.23720495e-01 7.20839420e-01 4.53990500e-01
 -4.75528258e-01 6.54508497e-01 5.87785252e-01
 -4.15626938e-01 5.72061403e-01 7.07106781e-01
 -3.45491503e-01 4.75528258e-01 8.09016994e-01
 -2.66848920e-01 3.67286030e-01 8.91006524e-01
 -1.81635632e-01 2.50000000e-01 9.51056516e-01
 -9.19498715e-02 1.26558141e-01 9.87688341e-01
 -3.59914664e-17 4.95380036e-17 1.00000000e+00
 -7.99056653e-01 5.80548640e-01 1.56434465e-01
 -7.69420884e-01 5.59016994e-01 3.09016994e-01
 -7.20839420e-01 5.23720495e-01 4.53990500e-01
 -6.54508497e-01 4.75528258e-01 5.87785252e-01
 -5.72061403e-01 4.15626938e-01 7.07106781e-01
 -4.75528258e-01 3.45491503e-01 8.09016994e-01
 -3.67286030e-01 2.66848920e-01 8.91006524e-01
 -2.50000000e-01 1.81635632e-01 9.51056516e-01
 -1.26558141e-01 9.19498715e-02 9.87688341e-01
 -4.95380036e-17 3.59914664e-17 1.00000000e+00
 -9.39347432e-01 3.05212482e-01 1.56434465e-01
 -9.04508497e-01 2.93892626e-01 3.09016994e-01
 -8.47397561e-01 2.75336158e-01 4.53990500e-01
 -7.69420884e-01 2.50000000e-01 5.87785252e-01
 -6.72498512e-01 2.18508012e-01 7.07106781e-01
 -5.59016994e-01 1.81635632e-01 8.09016994e-01
 -4.31770623e-01 1.40290780e-01 8.91006524e-01
 -2.93892626e-01 9.54915028e-02 9.51056516e-01
 -1.48778017e-01 4.83409082e-02 9.87688341e-01
 -5.82354159e-17 1.89218337e-17 1.00000000e+00
 -9.87688341e-01 1.20956936e-16 1.56434465e-01
 -9.51056516e-01 1.16470832e-16 3.09016994e-01
 -8.91006524e-01 1.09116829e-16 4.53990500e-01
 -8.09016994e-01 9.90760073e-17 5.87785252e-01
 -7.07106781e-01 8.65956056e-17 7.07106781e-01
 -5.87785252e-01 7.19829328e-17 8.09016994e-01
 -4.53990500e-01 5.55978012e-17 8.91006524e-01
 -3.09016994e-01 3.78436673e-17 9.51056516e-01
 -1.56434465e-01 1.91576967e-17 9.87688341e-01
 -6.12323400e-17 7.49879891e-33 1.00000000e+00
 -9.39347432e-01 -3.05212482e-01 1.56434465e-01
 -9.04508497e-01 -2.93892626e-01 3.09016994e-01
 -8.47397561e-01 -2.75336158e-01 4.53990500e-01
 -7.69420884e-01 -2.50000000e-01 5.87785252e-01
 -6.72498512e-01 -2.18508012e-01 7.07106781e-01
 -5.59016994e-01 -1.81635632e-01 8.09016994e-01
 -4.31770623e-01 -1.40290780e-01 8.91006524e-01
 -2.93892626e-01 -9.54915028e-02 9.51056516e-01
 -1.48778017e-01 -4.83409082e-02 9.87688341e-01
 -5.82354159e-17 -1.89218337e-17 1.00000000e+00
 -7.99056653e-01 -5.80548640e-01 1.56434465e-01
 -7.69420884e-01 -5.59016994e-01 3.09016994e-01
 -7.20839420e-01 -5.23720495e-01 4.53990500e-01
 -6.54508497e-01 -4.75528258e-01 5.87785252e-01
 -5.72061403e-01 -4.15626938e-01 7.07106781e-01
 -4.75528258e-01 -3.45491503e-01 8.09016994e-01
 -3.67286030e-01 -2.66848920e-01 8.91006524e-01
 -2.50000000e-01 -1.81635632e-01 9.51056516e-01
 -1.26558141e-01 -9.19498715e-02 9.87688341e-01
 -4.95380036e-17 -3.59914664e-17 1.00000000e+00
 -5.80548640e-01 -7.99056653e-01 1.56434465e-01
 -5.59016994e-01 -7.69420884e-01 3.09016994e-01
 -5.23720495e-01 -7.20839420e-01 4.53990500e-01
 -4.75528258e-01 -6.54508497e-01 5.87785252e-01
 -4.15626938e-01 -5.72061403e-01 7.07106781e-01
 -3.45491503e-01 -4.75528258e-01 8.09016994e-01
 -2.66848920e-01 -3.67286030e-01 8.91006524e-01
 -1.81635632e-01 -2.50000000e-01 9.51056516e-01
 -9.19498715e-02 -1.26558141e-01 9.87688341e-01
 -3.59914664e-17 -4.95380036e-17 1.00000000e+00
 -3.05212482e-01 -9.39347432e-01 1.56434465e-01
 -2.93892626e-01 -9.04508497e-01 3.09016994e-01
 -2.75336158e-01 -8.47397561e-01 4.53990500e-01
 -2.50000000e-01 -7.69420884e-01 5.87785252e-01
 -2.18508012e-01 -6.72498512e-01 7.07106781e-01
 -1.81635632e-01 -5.59016994e-01 8.09016994e-01
 -1.40290780e-01 -4.31770623e-01 8.91006524e-01
 -9.54915028e-02 -2.93892626e-01 9.51056516e-01
 -4.83409082e-02 -1.48778017e-01 9.87688341e-01
 -1.89218337e-17 -5.82354159e-17 1.00000000e+00
 -1.81435405e-16 -9.87688341e-01 1.56434465e-01
 -1.74706248e-16 -9.51056516e-01 3.09016994e-01
 -1.63675243e-16 -8.91006524e-01 4.53990500e-01
 -1.48614011e-16 -8.09016994e-01 5.87785252e-01
 -1.29893408e-16 -7.07106781e-01 7.07106781e-01
 -1.07974399e-16 -5.87785252e-01 8.09016994e-01
 -8.33967019e-17 -4.53990500e-01 8.91006524e-01
 -5.67655010e-17 -3.09016994e-01 9.51056516e-01
 -2.87365450e-17 -1.56434465e-01 9.87688341e-01
 -1.12481984e-32 -6.12323400e-17 1.00000000e+00
 3.05212482e-01 -9.39347432e-01 1.56434465e-01
 2.93892626e-01 -9.04508497e-01 3.09016994e-01
 2.75336158e-01 -8.47397561e-01 4.53990500e-01
 2.50000000e-01 -7.69420884e-01 5.87785252e-01
 2.18508012e-01 -6.72498512e-01 7.07106781e-01
 1.81635632e-01 -5.59016994e-01 8.09016994e-01
 1.40290780e-01 -4.31770623e-01 8.91006524e-01
 9.54915028e-02 -2.93892626e-01 9.51056516e-01
 4.83409082e-02 -1.48778017e-01 9.87688341e-01
 1.89218337e-17 -5.82354159e-17 1.00000000e+00
 5.80548640e-01 -7.99056653e-01 1.56434465e-01
 5.59016994e-01 -7.69420884e-01 3.09016994e-01
 5.23720495e-01 -7.20839420e-01 4.53990500e-01
 4.75528258e-01 -6.54508497e-01 5.87785252e-01
 4.15626938e-01 -5.72061403e-01 7.07106781e-01
 3.45491503e-01 -4.75528258e-01 8.09016994e-01
 2.66848920e-01 -3.67286030e-01 8.91006524e-01
 1.81635632e-01 -2.50000000e-01 9.51056516e-01
 9.19498715e-02 -1.26558141e-01 9.87688341e-01
 3.59914664e-17 -4.95380036e-17 1.00000000e+00
 7.99056653e-01 -5.80548640e-01 1.56434465e-01
 7.69420884e-01 -5.59016994e-01 3.09016994e-01
 7.20839420e-01 -5.23720495e-01 4.53990500e-01
 6.54508497e-01 -4.75528258e-01 5.87785252e-01
 5.72061403e-01 -4.15626938e-01 7.07106781e-01
 4.75528258e-01 -3.45491503e-01 8.09016994e-01
 3.67286030e-01 -2.66848920e-01 8.91006524e-01
 2.50000000e-01 -1.81635632e-01 9.51056516e-01
 1.26558141e-01 -9.19498715e-02 9.87688341e-01
 4.95380036e-17 -3.59914664e-17 1.00000000e+00
 9.39347432e-01 -3.05212482e-01 1.56434465e-01
 9.04508497e-01 -2.93892626e-01 3.09016994e-01
 8.47397561e-01 -2.75336158e-01 4.53990500e-01
 7.69420884e-01 -2.50000000e-01 5.87785252e-01
 6.72498512e-01 -2.18508012e-01 7.07106781e-01
 5.59016994e-01 -1.81635632e-01 8.09016994e-01
 4.31770623e-01 -1.40290780e-01 8.91006524e-01
 2.93892626e-01 -9.54915028e-02 9.51056516e-01
 1.48778017e-01 -4.83409082e-02 9.87688341e-01
 5.82354159e-17 -1.89218337e-17 1.00000000e+00
 9.87688341e-01 -2.41913873e-16 1.56434465e-01
 9.51056516e-01 -2.32941664e-16 3.09016994e-01
 8.91006524e-01 -2.18233658e-16 4.53990500e-01
 8.09016994e-01 -1.98152015e-16 5.87785252e-01
 7.07106781e-01 -1.73191211e-16 7.07106781e-01
 5.87785252e-01 -1.43965866e-16 8.09016994e-01
 4.53990500e-01 -1.11195602e-16 8.91006524e-01
 3.09016994e-01 -7.56873346e-17 9.51056516e-01
 1.56434465e-01 -3.83153934e-17 9.87688341e-01
 6.12323400e-17 -1.49975978e-32 1.00000000e+00
